blueWhale 0.013344453711426188 0.7178014766201805 0.8617283950617284 0.6710634789777411 0.7820299500831946 0.5954962468723937 0.8256880733944955 0.24437030859049208 0.8132780082987552 0.798999165971643 0.6741666666666667 0.6600331674958541 0.6183333333333333 0.7821043910521955 0.7706422018348624 0.8246051537822111 0.8081734778982486 0.7747298420615129 0.8345740281224152 0.6999175597691674 0.7898248540450375 0.7816666666666666 0.8311475409836065 0.6313594662218516 
brownBear 0.7112387202625102 0.013125512715340444 0.8933552091878589 0.6267432321575062 0.837571780147662 0.7243642329778507 0.8506972928630024 0.694011484823626 0.8416735028712059 0.8211648892534865 0.561115668580804 0.55701394585726 0.6866283839212469 0.8113207547169812 0.800656275635767 0.8359310910582445 0.8367514356029533 0.8203445447087777 0.8359310910582445 0.10500410172272355 0.8195242001640689 0.8342904019688269 0.8401639344262295 0.6423297785069729 
carp 0.8740740740740741 0.8794093519278097 0.012345679012345678 0.8831275720164609 0.8888888888888888 0.8650205761316873 0.8938271604938272 0.8864197530864197 0.8880658436213992 0.8946502057613168 0.8864197530864197 0.8781893004115227 0.8699588477366255 0.8831275720164609 0.8625514403292182 0.8765432098765432 0.8897119341563786 0.8946502057613168 0.897119341563786 0.8773662551440329 0.8773662551440329 0.8938271604938272 0.8795081967213115 0.8847736625514403 
cat 0.6669414674361088 0.5857260049220673 0.8666666666666667 0.01236603462489695 0.7881286067600989 0.6776586974443528 0.841714756801319 0.6892003297609234 0.7906018136850783 0.7881286067600989 0.5927452596867271 0.5737840065952184 0.605111294311624 0.809563066776587 0.7683429513602638 0.7996702390766695 0.8037922506183017 0.798845836768343 0.8178070898598516 0.6026380873866447 0.7452596867271228 0.8087386644682605 0.7819672131147541 0.5927452596867271 
chimpanzee 0.7828618968386023 0.8277276456111566 0.8962962962962963 0.8112118713932399 0.013311148086522463 0.7720465890183028 0.872712146422629 0.8178036605657238 0.4946058091286307 0.34359400998336104 0.8044925124792013 0.7918739635157546 0.7936772046589018 0.2891466445733223 0.8435940099833611 0.8769742310889443 0.4700499168053245 0.17290108063175394 0.8875103391232424 0.832646331409728 0.8352745424292846 0.46755407653910147 0.8622950819672132 0.7978369384359401 
cow 0.6113427856547122 0.7251845775225595 0.8724279835390947 0.683429513602638 0.7753743760399334 0.012573344509639563 0.8390611902766136 0.6130108423686406 0.7908713692946058 0.779547359597653 0.6591666666666667 0.6608623548922057 0.6225 0.8135874067937034 0.7703269069572506 0.8187863674147964 0.8115577889447236 0.773067331670823 0.8387096774193549 0.7056883759274526 0.760268231349539 0.8133333333333334 0.8065573770491803 0.6238532110091743 
echidna 0.8373644703919934 0.8687448728465955 0.8905349794238683 0.8549051937345424 0.8527454242928453 0.8298407376362112 0.012573344509639563 0.8623853211009175 0.8547717842323651 0.8558256496227996 0.8683333333333333 0.8681592039800995 0.8408333333333333 0.8806959403479702 0.8139145012573344 0.8121363258520365 0.8659966499162479 0.8528678304239401 0.5500413564929694 0.8738664468260511 0.8357082984073764 0.8558333333333333 0.8385245901639344 0.8331943286071727 
finWhale 0.2493744787322769 0.7169811320754716 0.8880658436213992 0.7122835943940643 0.8069883527454242 0.6163469557964971 0.8498748957464554 0.013344453711426188 0.8141078838174274 0.8190158465387823 0.7016666666666667 0.693200663349917 0.6383333333333333 0.8086164043082021 0.804837364470392 0.8445552784704904 0.7964970809007507 0.7830423940149626 0.8486352357320099 0.718878812860676 0.8081734778982486 0.8083333333333333 0.851639344262295 0.640533778148457 
gibbon 0.8265560165975103 0.8515176374077112 0.9012345679012346 0.8120362737015664 0.5120331950207468 0.8099585062240664 0.8846473029045643 0.8514522821576763 0.012448132780082987 0.5112033195020746 0.8190871369294606 0.8258706467661692 0.812448132780083 0.4995857497928749 0.8531120331950207 0.8854771784232365 0.5278008298755187 0.5029045643153527 0.8957816377171216 0.8516075845012366 0.8497925311203319 0.541908713692946 0.8688524590163934 0.7850622406639004 
gorilla 0.7873227689741451 0.8146021328958163 0.902880658436214 0.8194558944765046 0.3452579034941764 0.7862531433361274 0.8751047778709137 0.8273561301084237 0.5012448132780083 0.012573344509639563 0.7933333333333333 0.8192371475953566 0.8291666666666667 0.347970173985087 0.829002514668902 0.8877805486284289 0.4623115577889447 0.3482959268495428 0.8742762613730356 0.8244023083264633 0.8189438390611903 0.47 0.8819672131147541 0.798999165971643 
graySeal 0.6875 0.5594749794913864 0.8773662551440329 0.6034624896949712 0.7870216306156406 0.6641666666666667 0.8416666666666667 0.6875 0.7892116182572614 0.8008333333333333 0.013333333333333334 0.15671641791044777 0.6358333333333334 0.7970173985086992 0.7741666666666667 0.8179551122194514 0.795 0.7838736492103076 0.8453267162944582 0.5507007419620775 0.7766666666666666 0.7966666666666666 0.8032786885245902 0.6066666666666667 
harborSeal 0.6699834162520729 0.5438884331419196 0.8790123456790123 0.5795548227535037 0.775290215588723 0.6409618573797679 0.851575456053068 0.6865671641791045 0.7976782752902156 0.7985074626865671 0.1583747927031509 0.013266998341625208 0.6127694859038143 0.792046396023198 0.7595356550580431 0.8291873963515755 0.7736318407960199 0.7744610281923715 0.8428453267162944 0.5441055234954658 0.7736318407960199 0.7711442786069652 0.8016393442622951 0.603648424543947 
horse 0.6283333333333333 0.6521739130434783 0.8790123456790123 0.6265457543281121 0.7587354409317804 0.6191666666666666 0.85 0.6383333333333333 0.7742738589211619 0.7875 0.62 0.6044776119402985 0.0125 0.7895608947804474 0.7775 0.8146300914380715 0.78 0.7780548628428927 0.8296112489660876 0.6636438582028029 0.7558333333333334 0.7875 0.8049180327868852 0.495 
human 0.7837613918806959 0.8318293683347006 0.8847736625514403 0.8260511129431163 0.2990886495443248 0.7912178956089478 0.8724109362054681 0.8044739022369511 0.5012427506213754 0.3512841756420878 0.8185584092792046 0.816072908036454 0.7796188898094449 0.012427506213753107 0.8235294117647058 0.8674399337199669 0.4631317315658658 0.2990886495443248 0.8759305210918115 0.830997526793075 0.8218724109362054 0.45733222866611434 0.8614754098360655 0.776304888152444 
mouse 0.7689741451209341 0.7891714520098442 0.8584362139917695 0.763396537510305 0.8144758735440932 0.7611064543168483 0.8130762782900252 0.8031693077564637 0.8141078838174274 0.8164291701592624 0.7683333333333333 0.7553897180762852 0.7525 0.827671913835957 0.012711864406779662 0.7755610972568578 0.8274706867671692 0.8229426433915212 0.8254755996691481 0.7840065952184666 0.5439932318104906 0.83 0.7737704918032787 0.7447873227689742 
opossum 0.8221113881961762 0.8105004101722724 0.8683127572016461 0.8004946413849959 0.8711554447215295 0.8088113050706567 0.8387364921030757 0.8212801330008312 0.8680497925311204 0.8827930174563591 0.8212801330008312 0.8167495854063018 0.8088113050706567 0.8748964374482188 0.800498753117207 0.011637572734829594 0.8753117206982544 0.8686616791354946 0.8362282878411911 0.8186314921681781 0.8162926018287614 0.8786367414796342 0.6786885245901639 0.8337489609310058 
orangutan 0.7956630525437864 0.8269073010664479 0.9012345679012346 0.8235779060181369 0.46422628951747086 0.8190954773869347 0.8785594639865997 0.7964970809007507 0.5195020746887967 0.45896147403685095 0.8158333333333333 0.7893864013266998 0.8291666666666667 0.4540182270091135 0.8417085427135679 0.8802992518703242 0.01256281407035176 0.47381546134663344 0.8883374689826302 0.8318219291014015 0.8316582914572864 0.24583333333333332 0.8622950819672132 0.8156797331109258 
pigmyChimpanzee 0.769742310889443 0.8113207547169812 0.902880658436214 0.8103874690849134 0.17040731504571904 0.7747298420615129 0.8753117206982544 0.8137988362427265 0.4946058091286307 0.343308395677473 0.8162926018287614 0.785240464344942 0.7896924355777224 0.29411764705882354 0.827930174563591 0.8744804655029094 0.47298420615128844 0.013300083125519535 0.8891645988420182 0.8120362737015664 0.828761429758936 0.47215295095594345 0.8622950819672132 0.7822111388196176 
platypus 0.8320926385442514 0.8498769483182936 0.8938271604938272 0.8565539983511954 0.8850289495450786 0.8180314309346567 0.5566583953680728 0.8387096774193549 0.8941273779983457 0.8734491315136477 0.8420181968569065 0.8378825475599669 0.8684863523573201 0.8734491315136477 0.8345740281224152 0.8188585607940446 0.8825475599669148 0.8808933002481389 0.01240694789081886 0.8499587798845837 0.8428453267162944 0.8899917287014061 0.8426229508196721 0.8502894954507858 
polarBear 0.6999175597691674 0.10008203445447088 0.8880658436213992 0.6199505358615004 0.8112118713932399 0.6999175597691674 0.8582028029678483 0.7056883759274526 0.8359439406430338 0.8070898598516076 0.5638911788953009 0.5597691673536686 0.6603462489694971 0.8219291014014839 0.7873042044517725 0.8293487221764221 0.8202802967848309 0.8145094806265457 0.8466611706512778 0.013190436933223413 0.7807089859851608 0.8227535037098104 0.8155737704918032 0.6455070074196207 
rat 0.7764804003336113 0.8178835110746514 0.8930041152263375 0.7502061005770816 0.8036605657237936 0.7594300083822296 0.8323554065381391 0.7839866555462885 0.8091286307053942 0.8164291701592624 0.7891666666666667 0.7719734660033167 0.7416666666666667 0.816072908036454 0.5465313028764806 0.8162926018287614 0.8082077051926299 0.8254364089775561 0.8560794044665012 0.8202802967848309 0.012690355329949238 0.8058333333333333 0.8401639344262295 0.7456213511259383 
sumatranOrangutan 0.7816666666666666 0.8244462674323215 0.8855967078189301 0.8037922506183017 0.4733777038269551 0.7958333333333333 0.8575 0.7891666666666667 0.5153526970954356 0.4658333333333333 0.8008333333333333 0.796849087893864 0.7658333333333334 0.44490472245236123 0.8441666666666666 0.8669991687448046 0.24416666666666667 0.4679966749792186 0.8825475599669148 0.8202802967848309 0.82 0.013333333333333334 0.8655737704918033 0.7791666666666667 
wallaroo 0.8139344262295082 0.8163934426229508 0.8721311475409836 0.8016393442622951 0.8540983606557377 0.8065573770491803 0.8549180327868853 0.8278688524590164 0.8573770491803279 0.8622950819672132 0.8024590163934426 0.7934426229508197 0.8106557377049181 0.8475409836065574 0.8122950819672131 0.6844262295081968 0.8573770491803279 0.8540983606557377 0.8254098360655737 0.8295081967213115 0.8188524590163935 0.8672131147540983 0.013114754098360656 0.7975409836065573 
whiteRhinoceros 0.6447039199332777 0.6562756357670222 0.8897119341563786 0.6463314097279472 0.7845257903494176 0.6380316930775647 0.8557130942452044 0.6497080900750626 0.7784232365145228 0.786488740617181 0.615 0.6135986733001658 0.505 0.7937033968516984 0.7773144286905754 0.8445552784704904 0.817347789824854 0.7896924355777224 0.8635235732009926 0.6809563066776587 0.7698081734778982 0.8116666666666666 0.8213114754098361 0.012510425354462052 
