blueWhale 0.01488833746898263 0.8233851185609158 0.889967637540453 0.8084074373484236 0.8501228501228502 0.7464905037159373 0.8621821164889254 0.39241549876339654 0.8576104746317512 0.847233691164327 0.8045602605863192 0.7919737919737919 0.7781429745275267 0.8695652173913043 0.837055417700579 0.8754098360655738 0.844059405940594 0.8418032786885246 0.8710204081632653 0.8226720647773279 0.8643507030603805 0.8556193601312552 0.8675282714054927 0.7635024549918167 
brownBear 0.8094848732624693 0.014717906786590351 0.889967637540453 0.7809215844785772 0.8634505314799673 0.8078495502861816 0.8699918233851186 0.8111201962387572 0.8650858544562551 0.8585445625511039 0.7117263843648208 0.723630417007359 0.7972199509403107 0.8773507767784138 0.856909239574816 0.8683565004088307 0.8593622240392478 0.8609975470155355 0.8751020408163265 0.15870445344129555 0.8732624693376942 0.866721177432543 0.869951534733441 0.7939493049877351 
carp 0.9085760517799353 0.9134304207119741 0.014563106796116505 0.9005658852061439 0.919093851132686 0.8956310679611651 0.9021035598705501 0.9037216828478964 0.9045307443365695 0.9118122977346278 0.8988673139158576 0.9053398058252428 0.9110032362459547 0.9101941747572816 0.9037216828478964 0.9061488673139159 0.9142394822006472 0.9150485436893204 0.9101941747572816 0.9029126213592233 0.9061488673139159 0.9077669902912622 0.9063004846526656 0.9053398058252428 
cat 0.8011317704122878 0.8035569927243331 0.9037995149555376 0.015359741309620048 0.8552950687146321 0.8075990299110751 0.8779304769603881 0.8334680679062247 0.8690379951495554 0.8633791430881164 0.7396928051738076 0.7485852869846402 0.7582861762328214 0.8746968472109944 0.8536782538399353 0.8771220695230396 0.8706548100242523 0.8658043654001617 0.8755052546483427 0.7930476960388035 0.8544866612772838 0.8658043654001617 0.8675282714054927 0.7574777687954729 
chimpanzee 0.8722358722358723 0.8798037612428454 0.8996763754045307 0.8561034761519806 0.014742014742014743 0.8443898443898444 0.8837018837018837 0.8583128583128583 0.660392798690671 0.49713349713349714 0.8517915309446255 0.8574938574938575 0.8525798525798526 0.44553644553644556 0.8804258804258804 0.8804258804258804 0.628992628992629 0.26617526617526616 0.8971428571428571 0.8720647773279352 0.8648648648648649 0.628992628992629 0.8893376413570274 0.8625204582651391 
cow 0.7555739058629232 0.8438266557645135 0.901294498381877 0.8253839935327405 0.8452088452088452 0.01486374896779521 0.8679245283018868 0.7609233305853257 0.8723404255319149 0.8497109826589595 0.7923452768729642 0.7968877968877969 0.7502054231717338 0.8761279737489746 0.8447563996696945 0.8770491803278688 0.8613861386138614 0.8426229508196721 0.8759183673469387 0.8404858299595142 0.8447563996696945 0.8712059064807219 0.8739903069466882 0.7659574468085106 
echidna 0.8908941755537325 0.9116925592804579 0.9085760517799353 0.8811641067097817 0.9000819000819 0.8851517637407711 0.014766201804757998 0.8941755537325676 0.8944353518821604 0.8925348646431501 0.8802931596091205 0.8837018837018837 0.8777686628383922 0.9056603773584906 0.8695652173913043 0.8762295081967213 0.8884331419196062 0.8942622950819672 0.7167346938775511 0.8987854251012146 0.8867924528301887 0.896636587366694 0.8780290791599353 0.8756137479541735 
finWhale 0.3973619126133553 0.8356500408830744 0.8875404530744336 0.8132578819725141 0.8353808353808354 0.7386644682605111 0.8605414273995078 0.015663643858202802 0.855973813420622 0.8549051937345424 0.8078175895765473 0.80999180999181 0.7658175842235004 0.8613617719442166 0.843363561417972 0.8696721311475409 0.8483099752679307 0.8418032786885246 0.8751020408163265 0.8145748987854251 0.8516075845012366 0.8539786710418376 0.8626817447495961 0.765139116202946 
gibbon 0.88379705400982 0.8977923139820114 0.9110032362459547 0.8746968472109944 0.6653027823240589 0.8666121112929623 0.8993453355155483 0.8919803600654664 0.015548281505728314 0.6718494271685761 0.8762214983713354 0.8772504091653028 0.8682487725040916 0.660392798690671 0.886252045826514 0.8993453355155483 0.67430441898527 0.6726677577741408 0.9142857142857143 0.8890688259109312 0.886252045826514 0.6898527004909983 0.9022617124394184 0.8649754500818331 
gorilla 0.8587943848059455 0.8887980376124285 0.8988673139158576 0.862570735650768 0.48976248976248976 0.8538398018166804 0.8794093519278097 0.8697444352844188 0.6546644844517185 0.01486374896779521 0.8623778501628665 0.8566748566748567 0.8660640920295809 0.4946677604593929 0.8670520231213873 0.8852459016393442 0.6163366336633663 0.49918032786885247 0.8914285714285715 0.8696356275303644 0.8695293146160198 0.6283839212469237 0.8861066235864298 0.8486088379705401 
graySeal 0.7931596091205212 0.7247557003257329 0.8956310679611651 0.7340339531123686 0.8526058631921825 0.760586319218241 0.8713355048859935 0.7964169381107492 0.8591205211726385 0.8615635179153095 0.015472312703583062 0.24592833876221498 0.7671009771986971 0.8599348534201955 0.8322475570032574 0.8705211726384365 0.8542345276872965 0.8428338762214984 0.8794788273615635 0.7076923076923077 0.8493485342019544 0.8631921824104235 0.8626817447495961 0.750814332247557 
harborSeal 0.7878787878787878 0.7309893704006541 0.88915857605178 0.7291835084882781 0.8476658476658476 0.7796887796887797 0.8648648648648649 0.8001638001638002 0.8567921440261865 0.855036855036855 0.24429967426710097 0.015561015561015561 0.7534807534807535 0.8624078624078624 0.8361998361998362 0.8673218673218673 0.8542178542178542 0.8468468468468469 0.8840816326530613 0.7182186234817813 0.8501228501228502 0.8624078624078624 0.8497576736672051 0.7520458265139116 
horse 0.7830731306491372 0.8160261651676206 0.9037216828478964 0.761519805982215 0.8607698607698607 0.7592440427280197 0.8736669401148482 0.7789646672144618 0.8633387888707038 0.8701725554642563 0.7785016286644951 0.7608517608517609 0.014790468364831553 0.8621821164889254 0.8553820870994249 0.8704918032786885 0.8718159408381265 0.8549180327868853 0.8889795918367347 0.8307692307692308 0.8537387017255547 0.8654634946677605 0.8626817447495961 0.676759410801964 
human 0.859721082854799 0.884709730171709 0.8972491909385113 0.856911883589329 0.43734643734643736 0.8408531583264971 0.8835110746513536 0.8679245283018868 0.6661211129296236 0.5028712059064807 0.8550488599348535 0.8558558558558559 0.8482362592288761 0.014766201804757998 0.8621821164889254 0.8786885245901639 0.6210008203445447 0.44098360655737706 0.8963265306122449 0.8736842105263158 0.8679245283018868 0.6193601312551271 0.8796445880452343 0.8477905073649754 
mouse 0.8660049627791563 0.8822567457072772 0.8940129449838188 0.8528698464025869 0.8714168714168714 0.8521882741535921 0.859721082854799 0.8722176422093982 0.869885433715221 0.8744838976052849 0.8485342019543974 0.8484848484848485 0.8471651602300739 0.8908941755537325 0.015050167224080268 0.8565573770491803 0.8729372937293729 0.8745901639344262 0.8791836734693877 0.8720647773279352 0.7215719063545151 0.8810500410172273 0.8586429725363489 0.8436988543371522 
opossum 0.8844262295081967 0.8937040065412919 0.8996763754045307 0.8706548100242523 0.8812448812448812 0.8745901639344262 0.8704918032786885 0.8762295081967213 0.8878887070376432 0.8827868852459017 0.8713355048859935 0.8820638820638821 0.8713114754098361 0.8959016393442623 0.851639344262295 0.014754098360655738 0.8918032786885246 0.8770491803278688 0.883265306122449 0.8834008097165992 0.8721311475409836 0.8918032786885246 0.7875605815831987 0.8657937806873978 
orangutan 0.8613861386138614 0.884709730171709 0.8932038834951457 0.8682295877122069 0.6322686322686323 0.8539603960396039 0.8835110746513536 0.8722176422093982 0.6808510638297872 0.6262376237623762 0.8656351791530945 0.8615888615888616 0.8619556285949055 0.6374077112387203 0.8696369636963697 0.8868852459016393 0.015676567656765675 0.6245901639344262 0.8979591836734694 0.8753036437246964 0.8646864686468647 0.3781788351107465 0.8861066235864298 0.8518821603927987 
pigmyChimpanzee 0.8614754098360655 0.884709730171709 0.9077669902912622 0.8649959579628133 0.2628992628992629 0.8573770491803279 0.8926229508196721 0.8696721311475409 0.6734860883797054 0.5024590163934426 0.8623778501628665 0.8574938574938575 0.8622950819672132 0.4516393442622951 0.8836065573770492 0.8901639344262295 0.6401639344262295 0.01557377049180328 0.9036734693877551 0.8769230769230769 0.8770491803278688 0.6409836065573771 0.8941841680129241 0.8567921440261865 
platypus 0.889795918367347 0.9028571428571428 0.8996763754045307 0.8819725141471302 0.8979591836734694 0.8742857142857143 0.7028571428571428 0.883265306122449 0.9077551020408163 0.8889795918367347 0.8811074918566775 0.8857142857142857 0.8816326530612245 0.9061224489795918 0.8710204081632653 0.8840816326530613 0.893061224489796 0.8995918367346939 0.013877551020408163 0.8995951417004049 0.8857142857142857 0.8987755102040816 0.8715670436187399 0.8881632653061224 
polarBear 0.8299595141700404 0.1708502024291498 0.8988673139158576 0.7793047696038804 0.8712550607287449 0.8170040485829959 0.8793522267206477 0.8307692307692308 0.8744939271255061 0.8688259109311741 0.7157894736842105 0.728744939271255 0.8113360323886639 0.8866396761133604 0.8639676113360324 0.8817813765182186 0.8728744939271255 0.8663967611336032 0.8931174089068826 0.014574898785425101 0.8720647773279352 0.8720647773279352 0.8731825525040388 0.805668016194332 
rat 0.858560794044665 0.8806214227309894 0.8915857605177994 0.8536782538399353 0.8484848484848485 0.8521882741535921 0.8720262510254306 0.8705688375927453 0.8649754500818331 0.8645747316267548 0.8501628664495114 0.8525798525798526 0.8389482333607231 0.8728465955701394 0.6964882943143813 0.8631147540983607 0.8638613861386139 0.85 0.8865306122448979 0.8753036437246964 0.015113350125944584 0.867104183757178 0.864297253634895 0.8346972176759411 
sumatranOrangutan 0.8605414273995078 0.8879803761242846 0.901294498381877 0.8738884397736459 0.633087633087633 0.8662838392124692 0.889253486464315 0.8761279737489746 0.6898527004909983 0.638228055783429 0.8713355048859935 0.8697788697788698 0.8621821164889254 0.6168990976210008 0.8876127973748975 0.8959016393442623 0.37407711238720265 0.6540983606557377 0.9028571428571428 0.8817813765182186 0.8794093519278097 0.014766201804757998 0.8974151857835219 0.8657937806873978 
wallaroo 0.8780290791599353 0.8893376413570274 0.8877221324717286 0.8505654281098546 0.8812600969305331 0.8602584814216478 0.8731825525040388 0.8836833602584814 0.8796445880452343 0.8844911147011308 0.8578352180936996 0.8651050080775444 0.8529886914378029 0.8877221324717286 0.8537964458804523 0.777059773828756 0.8861066235864298 0.882875605815832 0.8715670436187399 0.8788368336025848 0.8675282714054927 0.8869143780290791 0.015347334410339256 0.8546042003231018 
whiteRhinoceros 0.7675941080196399 0.8103025347506132 0.8988673139158576 0.7720291026677445 0.8633387888707038 0.7602291325695582 0.8829787234042553 0.7815057283142389 0.8527004909983633 0.8608837970540099 0.7654723127035831 0.7536824877250409 0.6653027823240589 0.8584288052373159 0.8543371522094927 0.8756137479541735 0.8666121112929623 0.8600654664484452 0.9020408163265307 0.8105263157894737 0.8412438625204582 0.869885433715221 0.877221324717286 0.014729950900163666 
