blueWhale 0.005836575875486381 0.9492337164750958 0.9751434034416826 0.9234449760765551 0.944069431051109 0.8706225680933852 0.9717898832684825 0.9145631067961165 0.9555125725338491 0.9640077821011673 0.9441233140655106 0.9145873320537428 0.9467054263565892 0.9546769527483124 0.9640077821011673 0.9732313575525813 0.9562256809338522 0.9585741811175337 0.961100569259962 0.9434865900383141 0.9591439688715954 0.9671179883945842 0.9716177861873226 0.9390715667311412 
brownBear 0.9473180076628352 0.005747126436781609 0.9608030592734226 0.9598086124401913 0.9645593869731801 0.9377394636015326 0.9655172413793104 0.907088122605364 0.960727969348659 0.9568965517241379 0.9195402298850575 0.9157088122605364 0.9473180076628352 0.9712643678160919 0.9578544061302682 0.9617590822179732 0.9693486590038314 0.9636015325670498 0.9629981024667932 0.671455938697318 0.9712643678160919 0.9655172413793104 0.9706717123935666 0.9511494252873564 
carp 0.9732313575525813 0.9598470363288719 0.0057361376673040155 0.9646271510516252 0.9751434034416826 0.9684512428298279 0.9636711281070746 0.9741873804971319 0.9694072657743786 0.9694072657743786 0.9760994263862333 0.9674952198852772 0.9694072657743786 0.9655831739961759 0.9502868068833652 0.9636711281070746 0.9627151051625239 0.9741873804971319 0.9734345351043643 0.9655831739961759 0.9741873804971319 0.9674952198852772 0.9744560075685903 0.9722753346080306 
cat 0.9148325358851674 0.9607655502392345 0.9665391969407265 0.005741626794258373 0.9569377990430622 0.9492822966507177 0.9617224880382775 0.9626794258373206 0.9741626794258373 0.9559808612440192 0.8870813397129187 0.9215311004784689 0.9406698564593301 0.9406698564593301 0.9234449760765551 0.9598470363288719 0.9569377990430622 0.9559808612440192 0.9658444022770398 0.8832535885167464 0.9569377990430622 0.9645933014354067 0.9649952696310312 0.9157894736842105 
chimpanzee 0.9469623915139826 0.9674329501915708 0.9770554493307839 0.9578947368421052 0.0057859209257473485 0.9488910318225651 0.9710703953712633 0.9450337512054002 0.8900675024108003 0.9662487945998072 0.9691714836223507 0.9702495201535508 0.9508196721311475 0.8177434908389586 0.9508196721311475 0.9751434034416826 0.9566055930568949 0.9595375722543352 0.9648956356736242 0.9741379310344828 0.9710703953712633 0.9122468659594986 0.9517502365184485 0.9537126325940212 
cow 0.8706225680933852 0.9386973180076629 0.9694072657743786 0.9502392344497608 0.9469623915139826 0.005847953216374269 0.9571984435797666 0.9398058252427185 0.9535783365570599 0.9561830574488802 0.9710982658959537 0.8694817658349329 0.9408914728682171 0.9488910318225651 0.9522417153996101 0.9541108986615678 0.935672514619883 0.9566473988439307 0.967741935483871 0.9501915708812261 0.9463937621832359 0.9574468085106383 0.9649952696310312 0.9535783365570599 
echidna 0.9717898832684825 0.9674329501915708 0.9655831739961759 0.9636363636363636 0.9710703953712633 0.958171206225681 0.005836575875486381 0.9669902912621359 0.9671179883945842 0.9747081712062257 0.9614643545279383 0.9568138195777351 0.9612403100775194 0.9643201542912246 0.9367704280155642 0.9608030592734226 0.9542801556420234 0.9730250481695568 0.8851992409867173 0.9626436781609196 0.9610894941634242 0.971953578336557 0.9612109744560076 0.9690522243713733 
finWhale 0.9145631067961165 0.907088122605364 0.9770554493307839 0.9626794258373206 0.9431051108968177 0.9398058252427185 0.9650485436893204 0.005825242718446602 0.9584139264990329 0.9631067961165048 0.9200385356454721 0.9529750479846449 0.9089147286821705 0.9575699132111861 0.9640776699029127 0.9598470363288719 0.9650485436893204 0.9633911368015414 0.9620493358633776 0.9549808429118773 0.9611650485436893 0.9487427466150871 0.9612109744560076 0.9429400386847195 
gibbon 0.9555125725338491 0.9626436781609196 0.9694072657743786 0.9751196172248804 0.8891031822565092 0.9535783365570599 0.9661508704061895 0.9593810444874274 0.005802707930367505 0.9622823984526112 0.9653179190751445 0.9481765834932822 0.9545454545454546 0.8543876567020251 0.9584139264990329 0.9751434034416826 0.8849129593810445 0.953757225433526 0.9753320683111955 0.9693486590038314 0.9535783365570599 0.8926499032882012 0.967833491012299 0.9584139264990329 
gorilla 0.9630350194552529 0.9588122605363985 0.9703632887189293 0.9569377990430622 0.9643201542912246 0.9561830574488802 0.9737354085603113 0.9631067961165048 0.9622823984526112 0.005842259006815969 0.9441233140655106 0.972168905950096 0.9408914728682171 0.9623915139826422 0.9668938656280428 0.9579349904397706 0.8948393378773125 0.5346820809248555 0.9573055028462998 0.9588122605363985 0.937682570593963 0.8529980657640233 0.9631031220435194 0.9264990328820116 
graySeal 0.941233140655106 0.9204980842911877 0.9760994263862333 0.8870813397129187 0.9682080924855492 0.9710982658959537 0.9605009633911368 0.918111753371869 0.964354527938343 0.9421965317919075 0.005780346820809248 0.9289827255278311 0.9508670520231214 0.9508670520231214 0.9595375722543352 0.9560229445506692 0.9585741811175337 0.9421965317919075 0.9468690702087287 0.8074712643678161 0.9421965317919075 0.9701348747591522 0.9489120151371807 0.9161849710982659 
harborSeal 0.9145873320537428 0.9166666666666666 0.9674952198852772 0.9224880382775119 0.9702495201535508 0.8714011516314779 0.9558541266794626 0.9510556621880998 0.9472168905950096 0.9731285988483686 0.9289827255278311 0.0067178502879078695 0.9289827255278311 0.9404990403071017 0.9472168905950096 0.9483747609942639 0.9452975047984645 0.9692898272552783 0.9667931688804554 0.9319923371647509 0.9433781190019194 0.9500959692898272 0.9706717123935666 0.9385796545105566 
horse 0.9496124031007752 0.9501915708812261 0.9703632887189293 0.9425837320574163 0.9479267116682739 0.9418604651162791 0.9612403100775194 0.9089147286821705 0.9545454545454546 0.9408914728682171 0.9508670520231214 0.9289827255278311 0.005813953488372093 0.9643201542912246 0.9563953488372093 0.9541108986615678 0.9573643410852714 0.9393063583815029 0.967741935483871 0.9636015325670498 0.9525193798449613 0.9439071566731141 0.9612109744560076 0.8539651837524178 
human 0.9546769527483124 0.9731800766283525 0.9674952198852772 0.9435406698564593 0.8177434908389586 0.9498553519768563 0.9643201542912246 0.9585342333654774 0.8553519768563163 0.9643201542912246 0.9508670520231214 0.9404990403071017 0.9643201542912246 0.006750241080038573 0.9488910318225651 0.9598470363288719 0.8514946962391514 0.9633911368015414 0.9724857685009488 0.960727969348659 0.9662487945998072 0.8514946962391514 0.9631031220435194 0.9594985535197685 
mouse 0.9688715953307393 0.960727969348659 0.9541108986615678 0.9263157894736842 0.9517839922854388 0.9541910331384016 0.938715953307393 0.9650485436893204 0.9593810444874274 0.9688412852969815 0.9605009633911368 0.9481765834932822 0.9573643410852714 0.9508196721311475 0.005905511811023622 0.9493307839388145 0.935672514619883 0.9739884393063584 0.9554079696394687 0.9549808429118773 0.9322200392927309 0.9661508704061895 0.9593188268684958 0.9593810444874274 
opossum 0.9751434034416826 0.9655831739961759 0.9674952198852772 0.9608030592734226 0.9770554493307839 0.9569789674952199 0.9636711281070746 0.9617590822179732 0.9789674952198852 0.9598470363288719 0.9588910133843213 0.9493307839388145 0.9550669216061185 0.9608030592734226 0.9493307839388145 0.006692160611854685 0.9722753346080306 0.9550669216061185 0.9535104364326376 0.9531548757170172 0.9493307839388145 0.9665391969407265 0.9063386944181646 0.9588910133843213 
orangutan 0.9562256809338522 0.9712643678160919 0.9646271510516252 0.9578947368421052 0.9566055930568949 0.935672514619883 0.9542801556420234 0.9660194174757282 0.8858800773694391 0.8958130477117819 0.9605009633911368 0.9472168905950096 0.9573643410852714 0.8514946962391514 0.935672514619883 0.9703632887189293 0.005847953216374269 0.9277456647398844 0.976280834914611 0.9626436781609196 0.9171539961013645 0.9235976789168279 0.9687795648060549 0.9545454545454546 
pigmyChimpanzee 0.9566473988439307 0.9645593869731801 0.9741873804971319 0.9617224880382775 0.9585741811175337 0.9566473988439307 0.9720616570327553 0.9633911368015414 0.953757225433526 0.5346820809248555 0.9431599229287091 0.9692898272552783 0.9431599229287091 0.9624277456647399 0.9720616570327553 0.9531548757170172 0.9277456647398844 0.005780346820809248 0.9639468690702088 0.9588122605363985 0.9354527938342967 0.8660886319845857 0.9659413434247871 0.9373795761078998 
platypus 0.9620493358633776 0.967741935483871 0.976280834914611 0.967741935483871 0.9648956356736242 0.969639468690702 0.888045540796964 0.9629981024667932 0.9772296015180265 0.9582542694497154 0.9487666034155597 0.967741935483871 0.9639468690702088 0.9734345351043643 0.9554079696394687 0.9516129032258065 0.9772296015180265 0.9648956356736242 0.0056925996204933585 0.9639468690702088 0.9573055028462998 0.976280834914611 0.9489120151371807 0.961100569259962 
polarBear 0.9406130268199234 0.671455938697318 0.9655831739961759 0.8832535885167464 0.9722222222222222 0.9482758620689655 0.960727969348659 0.9540229885057471 0.9674329501915708 0.9578544061302682 0.8074712643678161 0.9300766283524904 0.9616858237547893 0.9588122605363985 0.9530651340996169 0.9493307839388145 0.960727969348659 0.9568965517241379 0.9620493358633776 0.005747126436781609 0.9636015325670498 0.9674329501915708 0.9612109744560076 0.9262452107279694 
rat 0.9591439688715954 0.975095785440613 0.9780114722753346 0.9598086124401913 0.9720347155255545 0.9483430799220273 0.9620622568093385 0.962135922330097 0.9545454545454546 0.9386562804284323 0.9450867052023122 0.944337811900192 0.9534883720930233 0.9681774349083896 0.931237721021611 0.9493307839388145 0.9152046783625731 0.9364161849710982 0.9582542694497154 0.9664750957854407 0.005893909626719057 0.9690522243713733 0.945127719962157 0.9458413926499033 
sumatranOrangutan 0.9680851063829787 0.9674329501915708 0.9684512428298279 0.9655502392344497 0.9112825458052073 0.9593810444874274 0.971953578336557 0.9497098646034816 0.8936170212765957 0.8520309477756286 0.9701348747591522 0.9510556621880998 0.9439071566731141 0.8514946962391514 0.965183752417795 0.9636711281070746 0.9235976789168279 0.8670520231213873 0.9753320683111955 0.9703065134099617 0.9671179883945842 0.005802707930367505 0.9744560075685903 0.9226305609284333 
wallaroo 0.9725638599810785 0.9725638599810785 0.9763481551561022 0.9659413434247871 0.9517502365184485 0.9668874172185431 0.9621570482497634 0.9621570482497634 0.9668874172185431 0.9640491958372753 0.9489120151371807 0.9716177861873226 0.9612109744560076 0.9640491958372753 0.9583727530747398 0.9053926206244087 0.9697256385998108 0.967833491012299 0.9394512771996215 0.9631031220435194 0.9441816461684012 0.9744560075685903 0.005676442762535478 0.9508041627246925 
whiteRhinoceros 0.9390715667311412 0.9521072796934866 0.9741873804971319 0.9177033492822967 0.9517839922854388 0.9535783365570599 0.9690522243713733 0.9448742746615088 0.9593810444874274 0.9361702127659575 0.9171483622350675 0.9385796545105566 0.8539651837524178 0.9604628736740598 0.9584139264990329 0.9569789674952199 0.9545454545454546 0.9373795761078998 0.9601518026565465 0.9262452107279694 0.9458413926499033 0.925531914893617 0.9517502365184485 0.005802707930367505 
