a 0.9854539843739042 0.9861272811434824 0.9853698222777069 0.9860290920312522 0.986043119047285 0.9861974162236468 0.985468011389937 0.9993828112945533 0.9999298649198356 0.9994669733907506 0.9998176487915725 0.9993547572624876 0.9992144871021588 0.999186433070093 0.9990882439578629 0.9999859729839671 0.9992144871021588 0.9999859729839671 0.999186433070093 0.999060282195854 1.000364702416855 0.999649324599178 
ab 0.9861132541274494 0.9692114015728451 0.9846756395511486 0.9691026079388269 0.9848167138593403 0.9846756395511486 0.9845513039694135 0.9860356756908482 0.9845046781262627 0.9998737196576399 0.9997668707842466 0.9998736966192795 0.9997824127319636 0.9997668707842466 0.9999222902614155 0.9998756644182649 0.9999859725904418 0.9998445805228311 0.9999222902614155 0.9998877948890572 0.9999689161045662 0.9992703290535326 
abc 0.9851874710692794 0.9693201952068633 0.951205377839592 0.9509570170209948 0.9697711793066504 0.9846589054509847 0.983641300748394 0.9859935722004688 0.9835253990330486 0.9853093868387821 0.9833598251539837 0.9993965505143354 0.9998717352615799 0.9992383601563017 0.999006556725611 1.0 0.9993126569316444 1.0000320672128782 1.0001324591032519 0.9992706667788718 1.0000466526708653 0.9996912930611099 
abcd 0.986057146063318 0.969226943520562 0.9671832571693489 0.92308738392198 0.9696487334506773 0.9845190170508417 0.9614562691844426 0.9860918136780206 0.9615145510354742 0.9863476918759646 0.9613845615943436 0.9865416730987833 0.9839829407897901 0.9827444535743632 0.9809164666895211 0.9842652652178716 0.9998456984948589 0.99982363032917 0.9997697240230985 0.9998176666947179 1.000233263354327 0.9997614537290395 
ac 0.9860992271114166 0.9847554909313538 0.969786485038647 0.9696028162546874 0.9696793449146706 0.9849391597153134 0.9848320195913369 0.9998736895288619 0.9998928598760236 0.9864038164725691 0.9847095737353639 0.9998456292013416 0.9998622484120303 0.9998622484120303 0.999831636948037 0.9999234713400168 1.0000280548191165 0.9998775541440269 0.9999693885360067 0.9999579230833965 0.9999081656080202 0.9999017750648986 
ad 0.9861553351755481 0.9845513039694135 0.9846433622954132 0.9690691204128262 0.9848473253233336 0.9693178109019693 0.9692867245908264 0.9999017585224482 0.9845501033619846 0.9999017819559421 0.984425758117413 0.9859662910310566 0.9845190170508417 0.9845345602064131 0.9841304381615555 0.9845345602064131 1.0 0.9999067410665713 0.9999533705332857 0.9999018205279251 0.9999689136888571 0.9992983933207044 
adef 0.9861413081595152 0.9844580522831121 0.983641300748394 0.9613397054823795 0.9847707966633504 0.9691934656573977 0.9148026386471562 0.9999017585224482 0.9399094803200517 0.999887750806791 0.9420379938619323 0.9854751112171436 0.9681101794103029 0.9653348397699261 0.9424827638746048 0.9687514795700961 0.9855096859263 0.9683336272827847 0.9650866191943883 0.9854413868551712 0.9849778399813389 0.9992843611871185 
b 0.9993547572624876 0.9867093315369178 0.9855725372966753 0.9866110900593659 1.0004210349037934 1.0005473453749316 1.000477172890966 0.9860497101876412 0.9866812625433315 0.999635190122071 1.000336827923035 0.9998736966192795 0.9997473790577239 0.9997754480513101 0.9996210685865858 1.0005192763813453 0.9997615340375093 1.0005333108781385 0.9996912410705514 0.9995792308339645 1.0005192763813453 0.9997754858626254 
bdef 0.9999438919358685 0.9845823878648472 0.9836247433604874 0.9614174146170882 0.9998928598760236 0.9845967328286989 0.9400711226056736 0.9860356756908482 0.9201285056170694 0.9999158131050933 0.9421156909210986 0.9859662910310566 0.9681422455949079 0.9660195836757053 0.9425018093170304 0.9687514795700961 0.9861549467659807 0.9682374256441502 0.9650511921210189 0.986128643159696 0.9850400435424929 0.9999298393320705 
c 0.999186433070093 0.9999719377016978 0.9853234179879332 0.9860109442963378 0.9859828819980356 1.0 0.999887750806791 0.9993545671390487 0.999887750806791 0.9856321032692578 0.9858706328048267 0.9993405359898976 0.9992282867966886 0.9991581310509331 0.9990458818577241 1.0000280622983022 0.9992284924742948 0.9999438754033956 0.9991300687526309 0.999060282195854 1.0003367475796268 0.9996071278237688 
cdef 0.9997194596793424 0.9998134966273974 0.9835916285846745 0.9615011071830931 0.9851075227672763 0.9844879307396988 0.9614234101239268 0.9994947581154477 0.9614816829183015 0.9864038164725691 0.9421739637154734 0.9865557068077522 0.9681101794103029 0.9827102163790742 0.9621757513427037 0.9842652652178716 0.9860707823086311 0.9839824271673427 0.982321890388635 0.9997755897781144 1.0002021615737502 0.9997614537290395 
d 0.9993547572624876 1.0000982359627826 0.9994386516412422 0.9865837742256901 1.0003789101421614 0.9866820101884727 0.9859943584489945 0.9995368876040248 0.9865697405167212 0.999635190122071 0.9863732685911559 0.9859803247400255 0.9859662910310566 0.9858961224862118 0.9857557853965224 0.9866539427705349 0.9997755614470676 1.000519247231851 0.9996631909847453 0.9995792308339645 1.000519247231851 0.9997754858626254 
de 1.000014027016033 0.9998290385751142 0.9999519007230925 0.9839188084205801 0.9999234713400168 0.984565646517556 0.9683506757948406 0.9999157930192413 0.9682544772410254 0.9992282867966886 0.9680941463180004 0.9855593134709573 0.9682224110564205 0.9840951724359077 0.9673886902566898 0.9844073039470984 0.9855517681549748 0.9841913709897228 0.9842074040820253 0.9992706667788718 0.999968898219423 0.9993124254542903 
def 0.999298649198356 0.9998756644182649 1.0000165573879065 0.9830354697343193 0.9999693885360067 0.984705534917699 0.9492775951794029 0.9998175515416895 0.9493118323746919 0.9991581310509331 0.9492262393864694 0.9855031786350814 0.9675971204566225 0.9653177211722815 0.9484387838948234 0.9688461720562473 0.9855096859263 0.9683656944956629 0.9652663653793482 0.985371258660832 0.9851177979939352 0.9996211323931804 
defg 0.9990461629097642 0.9991451928755711 0.9990396715014239 0.9800022854530911 0.9998928598760236 0.9841304381615555 0.9612044337789967 0.999284240663551 0.9613567973184017 0.999396660586502 0.9620995695730011 0.9853909089633299 0.9674207564412949 0.9650609422076144 0.9237991848550642 0.9679781575998612 0.9854676036976252 0.9674036781093172 0.9639706663832501 0.9853291817442285 0.968898219423062 0.9856731916087841 
df 0.9999859729839671 0.9997979546796805 0.9999684358379496 0.9841232264886448 0.9998775541440269 0.9846278191398418 0.968735697489071 0.9998596550320689 0.9687988258131717 0.9999438754033956 0.9684989662736928 0.9859241899041498 0.9842494831368465 0.9687041333270205 0.9679308113567855 0.9687672616511214 0.9993266843412028 0.9843757397850481 0.9844862143522245 0.985371258660832 0.9850711453230697 0.9992843611871185 
e 0.9991443520219944 0.9998877807235338 0.9992144650647365 0.999747506627951 0.9998176436757424 1.0000140274095584 0.9854395488785086 0.9993266843412028 0.9860848097181893 0.999438903617669 0.9859445356226065 0.9993126569316444 0.9854114940593921 0.9992004376551782 0.9851730280969013 0.9999719451808834 0.985355384421159 0.9860848097181893 0.9852852473733675 0.9990322309181183 1.0003366578293986 0.9995791777132517 
ef 1.0 0.9998134966273974 0.9999198319678045 0.9997594959034135 0.9999234713400168 0.9999222842221428 0.9683015600699065 0.9998736895288619 0.9681732912183938 0.9992142556475375 0.968045022366881 0.9997894943654658 0.9839989738820927 0.9840465615930991 0.9674036781093172 0.9843915218660733 0.9855377407454166 0.968381728102102 0.9684458625278584 0.9854133355774356 0.9851333488842237 0.9992983933207044 
efg 0.9992425411342245 0.9998756644182649 1.0 0.9997165834130443 0.9999540828040101 0.9999067410665713 0.9641478017500974 0.9997333445609308 0.9650866191943883 0.9990879753051775 0.9647323484606937 0.9992983145515528 0.9833255840053872 0.9821624212544509 0.9465405462854714 0.9844230860281237 0.9854676036976252 0.9683656944956629 0.946629113968895 0.9852450279110213 0.969862374620947 0.9858275450782291 
f 0.9991444360290611 0.9998457179724537 0.9991865129456646 0.9997054615837752 0.9997896154169822 0.9999719487222642 0.9853572330219641 0.9993127436954753 0.9860444893264888 0.9994109231675503 0.9858341047434711 0.9992566411400039 0.999158461667929 0.9853151561053606 0.985174899716682 0.9861426687985638 0.9992005385845325 0.9860304636876209 0.9853011304664927 0.9851889253555499 0.9865213610479957 0.9995652051950966 
fg 0.9999438919358685 0.9998445805228311 0.999968898219423 0.9999222455485577 0.9998775541440269 0.9999689136888571 0.9845890677241272 0.9999017585224482 0.9845268641629733 0.9999017819559421 0.984418007930954 0.9998315954923727 0.9998289402068269 0.9845268641629733 0.9684005909338309 0.9845890677241272 1.0 0.9846668221755696 0.9693647461317161 0.9855255406883784 0.9697535183889278 0.9858836736125728 
g 0.9992144871021588 0.9999158071984845 0.9992562969199467 0.9997754858626254 0.9998175822633831 1.0000280642671717 0.9999298393320705 0.999354521855048 0.9999017750648986 0.9994387540339554 0.9997614537290395 0.9993124254542903 0.9991861362520171 0.9991721041184312 0.9851960990668631 0.9999859678664141 0.9992284924742948 0.9999579035992423 0.9852943240019645 0.999060282195854 0.9865852802918684 0.9857854486774714 
