a 0.0011827321111768185 0.9827659035228521 0.9829348652530202 0.9827659035228521 0.9827659035228521 0.9828503843879361 0.9828503843879361 0.9827659035228521 0.982681422657768 0.9829348652530202 0.982681422657768 0.9969586888569739 0.997043169722058 0.9968744720391958 0.9968744720391958 0.9969586888569739 0.9968744720391958 0.9965362845315536 0.9969586888569739 0.9968742079918899 0.9968742079918899 0.9967897271268058 
ab 0.982681422657768 0.001062391346339579 0.9640718562874252 0.9639752752559397 0.9640718562874252 0.9641684373189106 0.9639752752559397 0.9639752752559397 0.9638786942244543 0.9801043075140042 0.9799111454510334 0.9968736797634136 0.9968731513563762 0.996705524581855 0.9965365771245143 0.9967894558972626 0.9967899983105254 0.9957504346146416 0.9967886419335756 0.9961026615969581 0.9966199087375359 0.9962198045362346 
abc 0.9827659035228521 0.9640718562874252 0.0011346054667354306 0.9444043321299639 0.9444043321299639 0.9620843471208435 0.9615265600825168 0.9614234141309954 0.9612171222279525 0.9641684373189106 0.9614234141309954 0.9829319814110689 0.9967886419335756 0.9966210508531846 0.996705524581855 0.9967894558972626 0.996705524581855 0.9954615781330582 0.9967886419335756 0.9961026615969581 0.9967044110190976 0.9962198045362346 
abcd 0.982596941792684 0.9640718562874252 0.9444043321299639 0.0011933174224343676 0.9354415274463007 0.9619829683698297 0.9569064582854516 0.9591304347826087 0.954892601431981 0.9638786942244543 0.9565916398713826 0.9828474862695395 0.9828445871714696 0.9965365771245143 0.9966210508531846 0.996704967894559 0.9966210508531846 0.9949983690333805 0.9966196230879744 0.9959125475285171 0.9965354064559743 0.9959432048681541 
abce 0.982681422657768 0.9639752752559397 0.9443011861784425 0.9352028639618138 0.0011184292282838326 0.9450527169505272 0.9569064582854516 0.9591304347826087 0.9529017024978252 0.9639752752559397 0.9567064768029399 0.9827629911280101 0.9967886419335756 0.982598411893901 0.9965365771245143 0.996704967894559 0.996705524581855 0.9949983690333805 0.9967041325107749 0.9959125475285171 0.9965354064559743 0.9960354047575143 
abe 0.982596941792684 0.9641684373189106 0.962287104622871 0.9618815896188159 0.9454582319545823 0.001013787510137875 0.9620843471208435 0.962287104622871 0.9618815896188159 0.9800077264825189 0.9787104622871047 0.9968736797634136 0.9967886419335756 0.9827673593512417 0.996705524581855 0.9967894558972626 0.9966210508531846 0.9955393349553934 0.9967886419335756 0.9960076045627376 0.9966199087375359 0.9961276046468744 
abfg 0.982681422657768 0.9641684373189106 0.9615265600825168 0.9569064582854516 0.9569064582854516 0.9621857258718572 0.0009193288899103654 0.9593478260869566 0.9567915421742128 0.9800077264825189 0.937988056959118 0.9967891846218843 0.9967886419335756 0.996705524581855 0.9828518330799122 0.9827644474484624 0.996705524581855 0.9951071001413504 0.9967041325107749 0.9960076045627376 0.9965354064559743 0.9960354047575143 
abhi 0.982681422657768 0.9640718562874252 0.9614234141309954 0.9591304347826087 0.9592391304347826 0.9620843471208435 0.9593478260869566 0.0010869565217391304 0.941304347826087 0.9799111454510334 0.9770652173913044 0.9967891846218843 0.9967041325107749 0.9966210508531846 0.9965365771245143 0.996704967894559 0.9827673593512417 0.9593478260869566 0.982760077748669 0.9802281368821293 0.9965354064559743 0.9959432048681541 
abhj 0.982596941792684 0.9638786942244543 0.9613202681794739 0.954892601431981 0.953025972412079 0.9618815896188159 0.9567915421742128 0.9409782608695653 0.0011185682326621924 0.9799111454510334 0.9755397335783188 0.9967891846218843 0.9967041325107749 0.9965365771245143 0.9965365771245143 0.9966204798918553 0.9826828856225713 0.9593345656192237 0.9966196230879744 0.9803231939163498 0.9826770322798716 0.9808224230130924 
ac 0.9827659035228521 0.9801043075140042 0.9641684373189106 0.9638786942244543 0.9638786942244543 0.9800077264825189 0.9801043075140042 0.9799111454510334 0.9797179833880626 0.001062391346339579 0.9637821131929689 0.9828474862695395 0.9968731513563762 0.996705524581855 0.9966210508531846 0.9967894558972626 0.996705524581855 0.9957504346146416 0.9967041325107749 0.9960076045627376 0.9966199087375359 0.9961276046468744 
acfg 0.982681422657768 0.9800077264825189 0.9615265600825168 0.9567064768029399 0.956821313734497 0.9788118410381184 0.9382177308222325 0.9769565217391304 0.9755397335783188 0.9640718562874252 0.0010335323840146991 0.9828474862695395 0.9967041325107749 0.9966210508531846 0.9827673593512417 0.9826799594457587 0.9966210508531846 0.9951071001413504 0.9967041325107749 0.9960076045627376 0.9965354064559743 0.9960354047575143 
c 0.9968742079918899 0.9967891846218843 0.9828474862695395 0.9826784959864808 0.9828474862695395 0.9967046894803548 0.9967891846218843 0.9967046894803548 0.9966201943388255 0.9828474862695395 0.9828474862695395 0.0011829319814110689 0.9970426700464723 0.9968744720391958 0.9968744720391958 0.9970429199053734 0.9970434194965366 0.9967046894803548 0.9970426700464723 0.9968736797634136 0.9968736797634136 0.9967891846218843 
d 0.9968742079918899 0.9967041325107749 0.9967041325107749 0.982760077748669 0.9967886419335756 0.9967041325107749 0.9967886419335756 0.9967041325107749 0.9965351136651737 0.9967041325107749 0.9967041325107749 0.9970426700464723 0.0011831319192089917 0.9969589457678661 0.9967899983105254 0.9970429199053734 0.9970434194965366 0.9967041325107749 0.9969576607791769 0.9967886419335756 0.9967889133006591 0.9967886419335756 
e 0.9968744720391958 0.996705524581855 0.996705524581855 0.9966210508531846 0.9826828856225713 0.9829363068085826 0.9967899983105254 0.996705524581855 0.9965365771245143 0.996705524581855 0.9966210508531846 0.9970434194965366 0.9970434194965366 0.0011826322013853692 0.9968744720391958 0.9969589457678661 0.9969589457678661 0.9966210508531846 0.9968744720391958 0.9968744720391958 0.9968744720391958 0.9967899983105254 
f 0.9967899983105254 0.996705524581855 0.996705524581855 0.9966210508531846 0.9965365771245143 0.9967899983105254 0.9828518330799122 0.996705524581855 0.9965365771245143 0.996705524581855 0.9826828856225713 0.9968744720391958 0.9969589457678661 0.9968744720391958 0.0011826322013853692 0.9969589457678661 0.9968744720391958 0.9966210508531846 0.9969589457678661 0.9968744720391958 0.9967899983105254 0.996705524581855 
g 0.9967897271268058 0.9967894558972626 0.996704967894559 0.9965359918891518 0.996704967894559 0.996704967894559 0.9829334234538696 0.996704967894559 0.9965359918891518 0.9967894558972626 0.9827644474484624 0.9969584319026699 0.9970429199053734 0.9968744720391958 0.9968744720391958 0.0012673200405542413 0.9969589457678661 0.9966204798918553 0.9969584319026699 0.9968739438999662 0.9968739438999662 0.996704967894559 
h 0.9967899983105254 0.9967899983105254 0.996705524581855 0.9966210508531846 0.996705524581855 0.996705524581855 0.9967899983105254 0.9828518330799122 0.9826828856225713 0.996705524581855 0.9966210508531846 0.9969589457678661 0.9970434194965366 0.9968744720391958 0.996705524581855 0.9969589457678661 0.0010981584727149855 0.9826828856225713 0.9968744720391958 0.9968744720391958 0.9967899983105254 0.996705524581855 
hijk 0.9965362845315536 0.9958470156461271 0.9955647240845796 0.9949983690333805 0.9951071001413504 0.9956407137064072 0.9952158312493204 0.9593478260869566 0.9592258345112536 0.9958470156461271 0.9949983690333805 0.9967891846218843 0.9967041325107749 0.9966210508531846 0.9965365771245143 0.9967894558972626 0.9827673593512417 0.0009785799717299119 0.9826755683258683 0.9647338403041825 0.9828460368429948 0.9657938410473907 
i 0.9967897271268058 0.9966196230879744 0.9967041325107749 0.9965351136651737 0.9966196230879744 0.9967041325107749 0.9967041325107749 0.982760077748669 0.996450604242373 0.9967041325107749 0.9966196230879744 0.996958174904943 0.9969576607791769 0.9968744720391958 0.9967899983105254 0.9969584319026699 0.9969589457678661 0.982760077748669 0.0011831319192089917 0.9828445871714696 0.9968734155822208 0.9967041325107749 
ij 0.9966207653966377 0.9959125475285171 0.9960076045627376 0.9958174904942966 0.9959125475285171 0.9959125475285171 0.9960076045627376 0.9802281368821293 0.9799429657794677 0.9960076045627376 0.9958174904942966 0.9968736797634136 0.9968731513563762 0.996705524581855 0.9966210508531846 0.9967894558972626 0.996705524581855 0.964638783269962 0.9828445871714696 0.0010456273764258555 0.9828460368429948 0.9809146229024526 
j 0.9968742079918899 0.9967889133006591 0.9967044110190976 0.9966199087375359 0.9966199087375359 0.9967044110190976 0.9967044110190976 0.9967044110190976 0.9826770322798716 0.9967044110190976 0.9967044110190976 0.9971271651880017 0.9969579178637823 0.9968744720391958 0.9968744720391958 0.9969584319026699 0.9969589457678661 0.9828460368429948 0.9969579178637823 0.983015041406118 0.0012675342234240324 0.9828460368429948 
jk 0.9966207653966377 0.9961276046468744 0.9962198045362346 0.9959432048681541 0.9961276046468744 0.9961276046468744 0.9961276046468744 0.9959432048681541 0.9807302231237323 0.9961276046468744 0.9960354047575143 0.9968736797634136 0.9967886419335756 0.996705524581855 0.9966210508531846 0.9967894558972626 0.996705524581855 0.9657938410473907 0.9967886419335756 0.9812834224598931 0.9827615345614331 0.0010141987829614604 
