4_0 0.07692307692307693 0.34615384615384615 0.38461538461538464 0.38461538461538464 0.38461538461538464 0.4230769230769231 0.4230769230769231 0.38461538461538464 0.4230769230769231 0.38461538461538464 0.4230769230769231 0.4230769230769231 0.4230769230769231 0.4230769230769231 0.4230769230769231 0.4230769230769231 0.4230769230769231 0.4230769230769231 0.4444444444444444 0.46153846153846156 0.4230769230769231 0.4230769230769231 0.4230769230769231 0.38461538461538464 0.4230769230769231 0.4230769230769231 0.38461538461538464 0.4230769230769231 0.4074074074074074 0.37037037037037035 
4_1 0.34615384615384615 0.038461538461538464 0.38461538461538464 0.4230769230769231 0.4230769230769231 0.38461538461538464 0.4230769230769231 0.38461538461538464 0.4230769230769231 0.38461538461538464 0.4230769230769231 0.4230769230769231 0.4230769230769231 0.38461538461538464 0.4230769230769231 0.4230769230769231 0.38461538461538464 0.38461538461538464 0.4074074074074074 0.4230769230769231 0.4230769230769231 0.4230769230769231 0.38461538461538464 0.4230769230769231 0.38461538461538464 0.38461538461538464 0.4230769230769231 0.38461538461538464 0.4074074074074074 0.4074074074074074 
4_2 0.38461538461538464 0.38461538461538464 0.07692307692307693 0.4230769230769231 0.4230769230769231 0.38461538461538464 0.4230769230769231 0.38461538461538464 0.4230769230769231 0.38461538461538464 0.38461538461538464 0.4230769230769231 0.4230769230769231 0.4230769230769231 0.38461538461538464 0.4230769230769231 0.4230769230769231 0.38461538461538464 0.4444444444444444 0.4230769230769231 0.4230769230769231 0.4230769230769231 0.4230769230769231 0.4230769230769231 0.4230769230769231 0.4230769230769231 0.4230769230769231 0.38461538461538464 0.4074074074074074 0.37037037037037035 
4_3 0.38461538461538464 0.38461538461538464 0.4230769230769231 0.07692307692307693 0.4230769230769231 0.38461538461538464 0.4230769230769231 0.4230769230769231 0.4230769230769231 0.38461538461538464 0.4230769230769231 0.46153846153846156 0.4230769230769231 0.4230769230769231 0.4230769230769231 0.4230769230769231 0.4230769230769231 0.46153846153846156 0.4444444444444444 0.46153846153846156 0.46153846153846156 0.4230769230769231 0.4230769230769231 0.4230769230769231 0.4230769230769231 0.4230769230769231 0.4230769230769231 0.4230769230769231 0.4074074074074074 0.4074074074074074 
4_4 0.38461538461538464 0.38461538461538464 0.4230769230769231 0.4230769230769231 0.08 0.4230769230769231 0.4 0.4230769230769231 0.4 0.4230769230769231 0.46153846153846156 0.44 0.44 0.4230769230769231 0.4230769230769231 0.4 0.4230769230769231 0.46153846153846156 0.4444444444444444 0.44 0.4 0.44 0.4230769230769231 0.4230769230769231 0.44 0.4230769230769231 0.46153846153846156 0.4230769230769231 0.4444444444444444 0.4444444444444444 
4_5 0.4230769230769231 0.38461538461538464 0.38461538461538464 0.4230769230769231 0.46153846153846156 0.07692307692307693 0.4230769230769231 0.4230769230769231 0.4230769230769231 0.4230769230769231 0.46153846153846156 0.46153846153846156 0.4230769230769231 0.4230769230769231 0.4230769230769231 0.46153846153846156 0.4230769230769231 0.46153846153846156 0.4444444444444444 0.46153846153846156 0.46153846153846156 0.46153846153846156 0.4230769230769231 0.4230769230769231 0.4230769230769231 0.4230769230769231 0.4230769230769231 0.4230769230769231 0.4074074074074074 0.4074074074074074 
4_6 0.4230769230769231 0.38461538461538464 0.38461538461538464 0.38461538461538464 0.4 0.38461538461538464 0.08 0.38461538461538464 0.4 0.38461538461538464 0.4230769230769231 0.4 0.44 0.4230769230769231 0.38461538461538464 0.4 0.4230769230769231 0.38461538461538464 0.4444444444444444 0.4 0.4 0.4 0.4230769230769231 0.4230769230769231 0.4 0.4230769230769231 0.4230769230769231 0.4230769230769231 0.4074074074074074 0.4074074074074074 
4_7 0.38461538461538464 0.38461538461538464 0.38461538461538464 0.4230769230769231 0.4230769230769231 0.38461538461538464 0.4230769230769231 0.07692307692307693 0.4230769230769231 0.38461538461538464 0.46153846153846156 0.46153846153846156 0.4230769230769231 0.38461538461538464 0.4230769230769231 0.4230769230769231 0.38461538461538464 0.4230769230769231 0.4444444444444444 0.4230769230769231 0.4230769230769231 0.4230769230769231 0.4230769230769231 0.4230769230769231 0.4230769230769231 0.4230769230769231 0.38461538461538464 0.38461538461538464 0.4074074074074074 0.4074074074074074 
4_8 0.4230769230769231 0.4230769230769231 0.4230769230769231 0.4230769230769231 0.44 0.4230769230769231 0.4 0.4230769230769231 0.08 0.38461538461538464 0.46153846153846156 0.44 0.44 0.4230769230769231 0.4230769230769231 0.44 0.4230769230769231 0.46153846153846156 0.48148148148148145 0.44 0.44 0.44 0.46153846153846156 0.4230769230769231 0.44 0.4230769230769231 0.46153846153846156 0.4230769230769231 0.4444444444444444 0.4444444444444444 
4_9 0.38461538461538464 0.38461538461538464 0.38461538461538464 0.38461538461538464 0.4230769230769231 0.4230769230769231 0.4230769230769231 0.38461538461538464 0.4230769230769231 0.038461538461538464 0.4230769230769231 0.4230769230769231 0.38461538461538464 0.4230769230769231 0.38461538461538464 0.38461538461538464 0.38461538461538464 0.38461538461538464 0.4074074074074074 0.4230769230769231 0.4230769230769231 0.4230769230769231 0.4230769230769231 0.38461538461538464 0.4230769230769231 0.4230769230769231 0.4230769230769231 0.38461538461538464 0.4074074074074074 0.4074074074074074 
5_0 0.4230769230769231 0.4230769230769231 0.4230769230769231 0.46153846153846156 0.46153846153846156 0.4230769230769231 0.4230769230769231 0.4230769230769231 0.46153846153846156 0.4230769230769231 0.07692307692307693 0.46153846153846156 0.46153846153846156 0.4230769230769231 0.4230769230769231 0.46153846153846156 0.4230769230769231 0.4230769230769231 0.4074074074074074 0.46153846153846156 0.46153846153846156 0.46153846153846156 0.46153846153846156 0.4230769230769231 0.46153846153846156 0.4230769230769231 0.46153846153846156 0.4230769230769231 0.4444444444444444 0.4444444444444444 
5_1 0.4230769230769231 0.4230769230769231 0.4230769230769231 0.46153846153846156 0.44 0.46153846153846156 0.44 0.4230769230769231 0.44 0.4230769230769231 0.46153846153846156 0.08 0.44 0.4230769230769231 0.4230769230769231 0.4 0.4230769230769231 0.4230769230769231 0.4444444444444444 0.44 0.4 0.44 0.4230769230769231 0.4230769230769231 0.4 0.4230769230769231 0.4230769230769231 0.4230769230769231 0.4444444444444444 0.4444444444444444 
5_2 0.4230769230769231 0.4230769230769231 0.4230769230769231 0.46153846153846156 0.44 0.4230769230769231 0.44 0.38461538461538464 0.44 0.38461538461538464 0.46153846153846156 0.44 0.08 0.4230769230769231 0.4230769230769231 0.4 0.38461538461538464 0.46153846153846156 0.4444444444444444 0.44 0.44 0.44 0.4230769230769231 0.4230769230769231 0.44 0.4230769230769231 0.4230769230769231 0.4230769230769231 0.4444444444444444 0.4444444444444444 
5_3 0.4230769230769231 0.4230769230769231 0.4230769230769231 0.4230769230769231 0.46153846153846156 0.4230769230769231 0.4230769230769231 0.4230769230769231 0.46153846153846156 0.4230769230769231 0.46153846153846156 0.4230769230769231 0.46153846153846156 0.07692307692307693 0.4230769230769231 0.46153846153846156 0.4230769230769231 0.46153846153846156 0.4444444444444444 0.46153846153846156 0.46153846153846156 0.46153846153846156 0.4230769230769231 0.4230769230769231 0.46153846153846156 0.4230769230769231 0.4230769230769231 0.4230769230769231 0.4444444444444444 0.4444444444444444 
5_4 0.38461538461538464 0.38461538461538464 0.38461538461538464 0.38461538461538464 0.4230769230769231 0.38461538461538464 0.38461538461538464 0.38461538461538464 0.4230769230769231 0.38461538461538464 0.4230769230769231 0.4230769230769231 0.4230769230769231 0.4230769230769231 0.038461538461538464 0.38461538461538464 0.38461538461538464 0.38461538461538464 0.4074074074074074 0.4230769230769231 0.4230769230769231 0.4230769230769231 0.38461538461538464 0.38461538461538464 0.4230769230769231 0.4230769230769231 0.4230769230769231 0.38461538461538464 0.4074074074074074 0.4074074074074074 
5_5 0.38461538461538464 0.38461538461538464 0.38461538461538464 0.38461538461538464 0.4 0.4230769230769231 0.36 0.4230769230769231 0.44 0.38461538461538464 0.4230769230769231 0.4 0.4 0.4230769230769231 0.38461538461538464 0.04 0.38461538461538464 0.4230769230769231 0.4074074074074074 0.4 0.36 0.4 0.4230769230769231 0.38461538461538464 0.4 0.4230769230769231 0.4230769230769231 0.38461538461538464 0.4074074074074074 0.4074074074074074 
5_6 0.38461538461538464 0.38461538461538464 0.38461538461538464 0.38461538461538464 0.4230769230769231 0.38461538461538464 0.38461538461538464 0.38461538461538464 0.4230769230769231 0.38461538461538464 0.38461538461538464 0.4230769230769231 0.38461538461538464 0.38461538461538464 0.38461538461538464 0.38461538461538464 0.038461538461538464 0.38461538461538464 0.4074074074074074 0.4230769230769231 0.38461538461538464 0.4230769230769231 0.38461538461538464 0.38461538461538464 0.4230769230769231 0.38461538461538464 0.4230769230769231 0.38461538461538464 0.4074074074074074 0.4074074074074074 
5_7 0.4230769230769231 0.4230769230769231 0.4230769230769231 0.4230769230769231 0.46153846153846156 0.4230769230769231 0.38461538461538464 0.4230769230769231 0.46153846153846156 0.4230769230769231 0.4230769230769231 0.4230769230769231 0.46153846153846156 0.4230769230769231 0.4230769230769231 0.4230769230769231 0.4230769230769231 0.07692307692307693 0.4444444444444444 0.46153846153846156 0.4230769230769231 0.46153846153846156 0.4230769230769231 0.4230769230769231 0.46153846153846156 0.46153846153846156 0.46153846153846156 0.4230769230769231 0.4444444444444444 0.4444444444444444 
5_8 0.4074074074074074 0.37037037037037035 0.4444444444444444 0.4444444444444444 0.4444444444444444 0.4074074074074074 0.4444444444444444 0.4074074074074074 0.4444444444444444 0.4074074074074074 0.4444444444444444 0.4444444444444444 0.4444444444444444 0.4074074074074074 0.4074074074074074 0.4074074074074074 0.4074074074074074 0.4074074074074074 0.037037037037037035 0.4444444444444444 0.4444444444444444 0.4444444444444444 0.4074074074074074 0.4444444444444444 0.4444444444444444 0.4444444444444444 0.4074074074074074 0.4074074074074074 0.4074074074074074 0.4444444444444444 
5_9 0.4230769230769231 0.4230769230769231 0.4230769230769231 0.46153846153846156 0.44 0.4230769230769231 0.4 0.4230769230769231 0.44 0.4230769230769231 0.4230769230769231 0.4 0.4 0.4230769230769231 0.4230769230769231 0.4 0.4230769230769231 0.46153846153846156 0.4444444444444444 0.08333333333333333 0.4 0.44 0.4230769230769231 0.4230769230769231 0.4 0.4230769230769231 0.4230769230769231 0.4230769230769231 0.4074074074074074 0.4444444444444444 
6_0 0.4230769230769231 0.38461538461538464 0.46153846153846156 0.4230769230769231 0.44 0.46153846153846156 0.44 0.4230769230769231 0.44 0.4230769230769231 0.46153846153846156 0.44 0.48 0.4230769230769231 0.46153846153846156 0.4 0.4230769230769231 0.46153846153846156 0.4444444444444444 0.44 0.08 0.44 0.4230769230769231 0.46153846153846156 0.44 0.46153846153846156 0.46153846153846156 0.46153846153846156 0.4444444444444444 0.48148148148148145 
6_1 0.4230769230769231 0.4230769230769231 0.4230769230769231 0.4230769230769231 0.44 0.46153846153846156 0.4 0.4230769230769231 0.44 0.4230769230769231 0.4230769230769231 0.44 0.44 0.4230769230769231 0.4230769230769231 0.44 0.4230769230769231 0.4230769230769231 0.4444444444444444 0.44 0.4 0.08 0.4230769230769231 0.4230769230769231 0.4 0.4230769230769231 0.4230769230769231 0.4230769230769231 0.4074074074074074 0.4074074074074074 
6_2 0.38461538461538464 0.38461538461538464 0.38461538461538464 0.4230769230769231 0.46153846153846156 0.38461538461538464 0.4230769230769231 0.38461538461538464 0.46153846153846156 0.38461538461538464 0.4230769230769231 0.4230769230769231 0.4230769230769231 0.4230769230769231 0.38461538461538464 0.4230769230769231 0.4230769230769231 0.38461538461538464 0.4444444444444444 0.46153846153846156 0.4230769230769231 0.4230769230769231 0.07692307692307693 0.4230769230769231 0.38461538461538464 0.38461538461538464 0.4230769230769231 0.4230769230769231 0.4074074074074074 0.4074074074074074 
6_3 0.4230769230769231 0.4230769230769231 0.4230769230769231 0.4230769230769231 0.46153846153846156 0.38461538461538464 0.4230769230769231 0.4230769230769231 0.46153846153846156 0.38461538461538464 0.4230769230769231 0.46153846153846156 0.46153846153846156 0.4230769230769231 0.4230769230769231 0.4230769230769231 0.4230769230769231 0.38461538461538464 0.4444444444444444 0.46153846153846156 0.46153846153846156 0.46153846153846156 0.4230769230769231 0.07692307692307693 0.4230769230769231 0.4230769230769231 0.46153846153846156 0.4230769230769231 0.4074074074074074 0.4074074074074074 
6_4 0.4230769230769231 0.4230769230769231 0.38461538461538464 0.4230769230769231 0.4 0.4230769230769231 0.4 0.4230769230769231 0.44 0.4230769230769231 0.4230769230769231 0.44 0.44 0.4230769230769231 0.4230769230769231 0.4 0.4230769230769231 0.4230769230769231 0.4444444444444444 0.44 0.44 0.44 0.4230769230769231 0.46153846153846156 0.08 0.4230769230769231 0.46153846153846156 0.4230769230769231 0.4444444444444444 0.37037037037037035 
6_5 0.4230769230769231 0.38461538461538464 0.4230769230769231 0.4230769230769231 0.46153846153846156 0.4230769230769231 0.4230769230769231 0.4230769230769231 0.46153846153846156 0.4230769230769231 0.38461538461538464 0.46153846153846156 0.46153846153846156 0.38461538461538464 0.4230769230769231 0.4230769230769231 0.38461538461538464 0.4230769230769231 0.4444444444444444 0.46153846153846156 0.46153846153846156 0.46153846153846156 0.4230769230769231 0.4230769230769231 0.46153846153846156 0.07692307692307693 0.4230769230769231 0.4230769230769231 0.4074074074074074 0.4074074074074074 
6_6 0.4230769230769231 0.4230769230769231 0.4230769230769231 0.4230769230769231 0.46153846153846156 0.46153846153846156 0.4230769230769231 0.4230769230769231 0.46153846153846156 0.4230769230769231 0.46153846153846156 0.46153846153846156 0.46153846153846156 0.4230769230769231 0.4230769230769231 0.46153846153846156 0.46153846153846156 0.46153846153846156 0.4444444444444444 0.46153846153846156 0.46153846153846156 0.46153846153846156 0.46153846153846156 0.46153846153846156 0.46153846153846156 0.46153846153846156 0.07692307692307693 0.46153846153846156 0.4074074074074074 0.4444444444444444 
6_7 0.4230769230769231 0.4230769230769231 0.4230769230769231 0.46153846153846156 0.46153846153846156 0.4230769230769231 0.4230769230769231 0.4230769230769231 0.4230769230769231 0.38461538461538464 0.4230769230769231 0.4230769230769231 0.46153846153846156 0.4230769230769231 0.4230769230769231 0.4230769230769231 0.38461538461538464 0.38461538461538464 0.4074074074074074 0.4230769230769231 0.46153846153846156 0.4230769230769231 0.4230769230769231 0.38461538461538464 0.4230769230769231 0.4230769230769231 0.46153846153846156 0.038461538461538464 0.4074074074074074 0.37037037037037035 
6_8 0.4444444444444444 0.4074074074074074 0.4074074074074074 0.4074074074074074 0.4444444444444444 0.4074074074074074 0.4074074074074074 0.4444444444444444 0.4444444444444444 0.4444444444444444 0.4444444444444444 0.4444444444444444 0.4444444444444444 0.4444444444444444 0.4074074074074074 0.4444444444444444 0.4444444444444444 0.4444444444444444 0.4074074074074074 0.4444444444444444 0.4444444444444444 0.4444444444444444 0.4444444444444444 0.4444444444444444 0.4444444444444444 0.4444444444444444 0.4444444444444444 0.4074074074074074 0.037037037037037035 0.37037037037037035 
6_9 0.4074074074074074 0.4074074074074074 0.4074074074074074 0.4444444444444444 0.48148148148148145 0.4074074074074074 0.4444444444444444 0.4444444444444444 0.4444444444444444 0.4074074074074074 0.4444444444444444 0.4444444444444444 0.4444444444444444 0.4074074074074074 0.4074074074074074 0.4444444444444444 0.4074074074074074 0.4074074074074074 0.4074074074074074 0.48148148148148145 0.4444444444444444 0.4444444444444444 0.4444444444444444 0.4074074074074074 0.4074074074074074 0.4074074074074074 0.4444444444444444 0.4074074074074074 0.37037037037037035 0.037037037037037035 
